keller5.clq	776	225990	100	0.05	1	2	5	0	1	22	27	0	27	2e-06	0.088817	0	17.4972	0	222737	836776	777480	0	0	920248	733384	1510476	859681	22148723	104428	-1
keller5.clq	776	225990	100	0.05	1	1	2	1	1	15	27	0	27	2e-06	0.0574	0	100	1	2948500	5039323	5016142	0	0	17572201	14312824	33403237	24565452	0	0	-1
keller5.clq	776	225990	1000	0.05	1	1	2	1	1	15	27	0	27	3e-06	0.057425	0	1000	1	31524500	50911079	50641795	0	0	170948672	136133095	374630976	277341084	0	0	-1
brock200_1.clq	200	14834	1000	0.05	1	1	2	1	1	18	21	0	21	4e-06	0.051332	0	0.139414	0	6541	19940	19511	0	0	62721	56599	32813	10062	0	0	-1
brock200_1.clq	200	14834	1000	0.05	1	2	5	0	1	18	21	0	21	2e-06	0.051976	0	0.321248	0	14621	43485	41940	0	0	126968	113833	70370	20027	0	0	-1
brock200_1.clq	200	14834	1000	0.05	1	2	5	0	1	18	21	0	21	2e-06	0.051961	0	0.321528	0	14621	43485	41940	0	0	126968	113833	70370	20027	0	0	-1
brock200_1.clq	200	14834	1000	0.05	1	2	5	0	0	18	0	20	21	2e-06	0.001924	0.030877	0.333773	0	15393	45424	43710	0	0	131159	117415	73725	21000	182	13	-1
brock200_1.clq	200	14834	1000	0.05	1	1	2	1	0	18	0	21	21	2e-06	0.000675	0.169569	0.212353	0	11380	30620	29668	0	0	96371	85922	51482	16698	579	37	-1
brock200_1.clq	200	14834	1000	0.05	1	1	2	1	1	18	21	0	21	2e-06	0.05064	0	0.139058	0	6541	19940	19511	0	0	62721	56599	32813	10062	0	0	-1
p_hat700-3.clq	700	183010	100	0.05	1	1	2	1	1	57	62	0	62	1e-06	0.057606	0	79.6258	0	652241	2884591	2879685	0	0	18503919	17849053	5383138	2116040	0	0	-1
p_hat700-3.clq	700	183010	100	0.05	1	2	5	0	1	57	62	0	62	3e-06	0.253252	0	100	1	1054100	2717806	2716185	0	0	19431627	18355206	7679828	4517278	0	0	-1
keller5.clq	776	225990	100	0.05	1	1	2	1	0	15	0	21	21	3e-06	0.007349	3.79115	100.001	1	7938600	9656650	9293522	0	0	23539771	15563029	48381383	32774623	160	31	-1
keller5.clq	776	225990	10	0.05	1	1	2	1	0	15	0	21	21	2e-06	0.007655	3.78246	10.0002	1	929200	981374	941656	0	0	2841432	1913441	4967441	3473268	160	31	-1
keller5.clq	776	225990	10	0.05	1	2	5	0	0	22	0	23	25	2e-06	0.038658	6.70981	10.0077	1	97600	760510	704257	0	0	258397	214471	490834	240565	70363236	621900	-1
keller5.clq	776	225990	10	0.05	1	2	5	0	0	22	0	23	25	2e-06	0.038748	6.92701	10.0042	1	94900	744712	689314	0	0	246092	204109	468760	229609	70292130	620924	-1
keller5.clq	776	225990	10	0.05	1	2	5	0	0	22	0	23	25	1e-06	0.038604	6.7787	10.0079	1	97200	757819	701738	0	0	256324	212637	487962	239175	70352206	621833	-1
keller5.clq	776	225990	100	0.05	1	2	5	0	0	22	0	27	27	2e-06	0.038712	30.7069	43.7833	0	531357	2651123	2468237	0	0	2068383	1685021	3578605	1907708	83302822	736693	-1
brock200_1.clq	200	14834	100	0.05	1	2	5	0	0	18	0	20	21	2e-06	0.001984	0.030994	0.335833	0	15393	45424	43710	0	0	131159	117415	73725	21000	182	13	-1
brock200_1.clq	200	14834	100	0.05	1	2	5	0	0	18	0	20	21	2e-06	0.001951	0.032981	0.356751	0	15393	45424	43710	0	0	131159	117415	73725	21000	182	13	-1
brock200_1.clq	200	14834	100	0.05	1	2	5	0	0	18	0	20	21	1e-06	0.002274	0.03101	0.338708	0	15393	45424	43710	0	0	131159	117415	73725	21000	182	13	-1
brock200_1.clq	200	14834	100	0.05	1	2	5	0	0	18	0	20	21	2e-06	0.001912	0.030572	0.358752	0	15393	45424	43710	0	0	131159	117415	73725	21000	182	13	-1
brock200_1.clq	200	14834	100	0.05	1	2	5	0	0	18	0	20	21	1e-06	0.002017	0.030771	0.339091	0	15393	45424	43710	0	0	131159	117415	73725	21000	182	13	-1
brock200_1.clq	200	14834	100	0.05	1	2	5	0	0	18	0	20	21	1e-06	0.002742	0.034602	0.358042	0	15393	45424	43710	0	0	131159	117415	73725	21000	182	13	-1
brock200_1.clq	200	14834	100	0.05	1	2	5	0	0	18	0	20	21	1e-06	0.00199	0.030549	0.334695	0	15393	45424	43710	0	0	131159	117415	73725	21000	182	13	-1
brock200_1.clq	200	14834	100	0.05	1	2	5	0	0	18	0	20	21	1e-06	0.001978	0.031161	0.345647	0	15393	45424	43710	0	0	131159	117415	73725	21000	182	13	-1
brock200_1.clq	200	14834	100	0.05	1	2	5	0	0	18	0	20	21	1e-06	0.001995	0.030529	0.335979	0	15393	45424	43710	0	0	131159	117415	73725	21000	182	13	-1
brock200_1.clq	200	14834	1000	0.05	1	1	2	1	1	18	21	0	21	8e-06	0.051994	0	0.156007	0	6541	19940	19511	0	0	62721	56599	32813	10062	0	0	-1
brock200_1.clq	200	14834	1000	0.05	1	1	2	1	1	18	21	0	21	3e-06	0.050636	0	0.13898	0	6541	19940	19511	0	0	62721	56599	32813	10062	0	0	-1
brock200_1.clq	200	14834	1000	0.05	1	1	2	1	1	18	21	0	21	4e-06	0.051249	0	0.139048	0	6541	19940	19511	0	0	62721	56599	32813	10062	0	0	-1
brock200_1.clq	200	14834	100	0.05	1	2	5	0	0	18	0	20	21	2e-06	0.001937	0.031585	0.342683	0	15393	45424	43710	0	0	131159	117415	73725	21000	182	13	-1
brock200_1.clq	200	14834	100	0.05	1	2	5	0	0	18	0	20	21	3e-06	0.004034	0.034548	0.33707	0	15393	45424	43710	0	0	131159	117415	73725	21000	182	13	-1
brock200_1.clq	200	14834	100	0.05	1	2	5	0	0	18	0	20	21	2e-06	0.002018	0.030654	0.335429	0	15393	45424	43710	0	0	131159	117415	73725	21000	182	13	-1
brock200_1.clq	200	14834	100	0.05	1	2	5	0	0	18	0	20	21	3e-06	0.004163	0.045215	0.349091	0	15393	45424	43710	0	0	131159	117415	73725	21000	182	13	-1
brock200_1.clq	200	14834	100	0.05	1	2	5	0	0	18	0	20	21	1e-06	0.001915	0.030727	0.335866	0	15393	45424	43710	0	0	131159	117415	73725	21000	182	13	-1
brock200_1.clq	200	14834	100	0.05	1	2	5	0	0	18	0	20	21	3e-06	0.00407	0.033819	0.337769	0	15393	45424	43710	0	0	131159	117415	73725	21000	182	13	-1
brock200_1.clq	200	14834	100	0.05	1	2	5	0	0	18	0	20	21	1e-06	0.00197	0.034972	0.345375	0	15393	45424	43710	0	0	131159	117415	73725	21000	182	13	-1
brock200_1.clq	200	14834	100	0.05	1	2	5	0	0	18	0	20	21	2e-06	0.001966	0.031611	0.338213	0	15393	45424	43710	0	0	131159	117415	73725	21000	182	13	-1
brock200_1.clq	200	14834	100	0.05	1	2	5	0	0	18	0	20	21	1.4e-05	0.001983	0.030455	0.334207	0	15393	45424	43710	0	0	131159	117415	73725	21000	182	13	-1
brock200_1.clq	200	14834	100	0.05	1	2	5	0	0	18	0	20	21	2e-06	0.001944	0.030897	0.339379	0	15393	45424	43710	0	0	131159	117415	73725	21000	182	13	-1
brock200_1.clq	200	14834	100	0.05	1	2	5	0	0	18	0	20	21	2e-06	0.001935	0.030509	0.33524	0	15393	45424	43710	0	0	131159	117415	73725	21000	182	13	-1
brock200_1.clq	200	14834	100	0.05	1	2	5	0	0	18	0	20	21	2e-06	0.001921	0.030383	0.33365	0	15393	45424	43710	0	0	131159	117415	73725	21000	182	13	-1
brock200_1.clq	200	14834	100	0.05	1	2	5	0	0	18	0	20	21	2e-06	0.001998	0.03113	0.337063	0	15393	45424	43710	0	0	131159	117415	73725	21000	182	13	-1
brock200_1.clq	200	14834	100	0.05	1	2	5	0	0	18	0	20	21	3e-06	0.004613	0.034763	0.337949	0	15393	45424	43710	0	0	131159	117415	73725	21000	182	13	-1
brock200_1.clq	200	14834	100	0.05	1	2	5	0	0	18	0	20	21	1e-06	0.001934	0.030605	0.335214	0	15393	45424	43710	0	0	131159	117415	73725	21000	182	13	-1
brock200_1.clq	200	14834	100	0.05	1	2	5	0	0	18	0	20	21	2e-06	0.002031	0.031043	0.337644	0	15393	45424	43710	0	0	131159	117415	73725	21000	182	13	-1
brock200_1.clq	200	14834	100	0.05	1	2	5	0	0	18	0	20	21	2e-06	0.003378	0.041274	0.345542	0	15393	45424	43710	0	0	131159	117415	73725	21000	182	13	-1
brock200_1.clq	200	14834	100	0.05	1	2	5	0	0	18	0	20	21	2e-06	0.001908	0.032548	0.336394	0	15393	45424	43710	0	0	131159	117415	73725	21000	182	13	-1
brock200_1.clq	200	14834	100	0.05	1	2	5	0	0	18	0	20	21	2e-06	0.002103	0.031971	0.342093	0	15393	45424	43710	0	0	131159	117415	73725	21000	182	13	-1
brock200_1.clq	200	14834	100	0.05	1	2	5	0	0	18	0	20	21	2e-06	0.001919	0.030427	0.353768	0	15393	45424	43710	0	0	131159	117415	73725	21000	182	13	-1
brock200_1.clq	200	14834	100	0.05	1	2	5	0	0	18	0	20	21	1e-06	0.001971	0.03058	0.333849	0	15393	45424	43710	0	0	131159	117415	73725	21000	182	13	-1
brock200_1.clq	200	14834	100	0.05	1	2	5	0	0	18	0	20	21	1e-06	0.001917	0.034367	0.37477	0	15393	45424	43710	0	0	131159	117415	73725	21000	182	13	-1
brock200_1.clq	200	14834	100	0.05	1	2	5	0	0	18	0	20	21	1e-06	0.001955	0.030374	0.358495	0	15393	45424	43710	0	0	131159	117415	73725	21000	182	13	-1
brock200_1.clq	200	14834	100	0.05	1	2	5	0	0	18	0	20	21	3e-06	0.003546	0.034431	0.341246	0	15393	45424	43710	0	0	131159	117415	73725	21000	182	13	-1
brock200_1.clq	200	14834	100	0.05	1	2	5	0	0	18	0	20	21	2e-06	0.001995	0.031191	0.335457	0	15393	45424	43710	0	0	131159	117415	73725	21000	182	13	-1
brock200_1.clq	200	14834	100	0.05	1	2	5	0	0	18	0	20	21	1e-06	0.001923	0.030685	0.33574	0	15393	45424	43710	0	0	131159	117415	73725	21000	182	13	-1
brock200_1.clq	200	14834	100	0.05	1	2	5	0	0	18	0	20	21	2e-06	0.001987	0.03066	0.33481	0	15393	45424	43710	0	0	131159	117415	73725	21000	182	13	-1
brock200_1.clq	200	14834	100	0.05	1	2	5	0	0	18	0	20	21	1e-06	0.001951	0.034875	0.358329	0	15393	45424	43710	0	0	131159	117415	73725	21000	182	13	-1
brock200_1.clq	200	14834	100	0.05	1	2	5	0	0	18	0	20	21	1e-06	0.001925	0.034691	0.34898	0	15393	45424	43710	0	0	131159	117415	73725	21000	182	13	-1
brock200_1.clq	200	14834	100	0.05	1	2	5	0	0	18	0	20	21	2e-06	0.001945	0.030761	0.341308	0	15393	45424	43710	0	0	131159	117415	73725	21000	182	13	-1
brock200_1.clq	200	14834	100	0.05	1	2	5	0	0	18	0	20	21	2e-06	0.001916	0.03041	0.334303	0	15393	45424	43710	0	0	131159	117415	73725	21000	182	13	-1
brock200_1.clq	200	14834	100	0.05	1	2	5	0	0	18	0	20	21	2e-06	0.002869	0.034283	0.337521	0	15393	45424	43710	0	0	131159	117415	73725	21000	182	13	-1
brock200_1.clq	200	14834	100	0.05	1	2	5	0	0	18	0	20	21	2e-06	0.002091	0.031335	0.341718	0	15393	45424	43710	0	0	131159	117415	73725	21000	182	13	-1
brock200_1.clq	200	14834	100	0.05	1	2	5	0	0	18	0	20	21	4e-06	0.001972	0.030911	0.337443	0	15393	45424	43710	0	0	131159	117415	73725	21000	182	13	-1
brock200_1.clq	200	14834	100	0.05	1	2	5	0	0	18	0	20	21	2e-06	0.001916	0.030764	0.334897	0	15393	45424	43710	0	0	131159	117415	73725	21000	182	13	-1
brock200_1.clq	200	14834	100	0.05	1	2	5	0	0	18	0	20	21	2e-06	0.002589	0.032814	0.339017	0	15393	45424	43710	0	0	131159	117415	73725	21000	182	13	-1
brock200_1.clq	200	14834	100	0.05	1	2	5	0	0	18	0	20	21	1e-06	0.00197	0.030421	0.337283	0	15393	45424	43710	0	0	131159	117415	73725	21000	182	13	-1
brock200_1.clq	200	14834	100	0.05	1	2	5	0	0	18	0	20	21	2e-06	0.001974	0.030399	0.358805	0	15393	45424	43710	0	0	131159	117415	73725	21000	182	13	-1
brock200_1.clq	200	14834	100	0.05	1	2	5	0	0	18	0	20	21	2e-06	0.00198	0.03177	0.335892	0	15393	45424	43710	0	0	131159	117415	73725	21000	182	13	-1
brock200_1.clq	200	14834	100	0.05	1	2	5	0	0	18	0	20	21	1e-06	0.001964	0.030522	0.335534	0	15393	45424	43710	0	0	131159	117415	73725	21000	182	13	-1
brock200_1.clq	200	14834	100	0.05	1	2	5	0	0	18	0	20	21	2e-06	0.001982	0.030685	0.334843	0	15393	45424	43710	0	0	131159	117415	73725	21000	182	13	-1
brock200_1.clq	200	14834	100	0.05	1	2	5	0	0	18	0	20	21	1e-06	0.001914	0.030778	0.338202	0	15393	45424	43710	0	0	131159	117415	73725	21000	182	13	-1
brock200_1.clq	200	14834	100	0.05	1	2	5	0	0	18	0	20	21	1e-06	0.00202	0.031083	0.341031	0	15393	45424	43710	0	0	131159	117415	73725	21000	182	13	-1
brock200_1.clq	200	14834	100	0.05	1	2	5	0	0	18	0	20	21	1e-06	0.001975	0.031883	0.340606	0	15393	45424	43710	0	0	131159	117415	73725	21000	182	13	-1
brock200_1.clq	200	14834	100	0.05	1	2	5	0	0	18	0	20	21	2e-06	0.002048	0.032589	0.336892	0	15393	45424	43710	0	0	131159	117415	73725	21000	182	13	-1
brock200_1.clq	200	14834	100	0.05	1	2	5	0	0	18	0	20	21	2e-06	0.002003	0.031912	0.340486	0	15393	45424	43710	0	0	131159	117415	73725	21000	182	13	-1
brock200_1.clq	200	14834	100	0.05	1	2	5	0	0	18	0	20	21	2e-06	0.001936	0.030397	0.333845	0	15393	45424	43710	0	0	131159	117415	73725	21000	182	13	-1
brock200_1.clq	200	14834	100	0.05	1	2	5	0	0	18	0	20	21	2e-06	0.001945	0.030469	0.335886	0	15393	45424	43710	0	0	131159	117415	73725	21000	182	13	-1
brock200_1.clq	200	14834	100	0.05	1	2	5	0	0	18	0	20	21	1e-06	0.001948	0.030596	0.334895	0	15393	45424	43710	0	0	131159	117415	73725	21000	182	13	-1
brock200_1.clq	200	14834	100	0.05	1	2	5	0	0	18	0	20	21	1e-06	0.002057	0.032913	0.337046	0	15393	45424	43710	0	0	131159	117415	73725	21000	182	13	-1
brock200_1.clq	200	14834	100	0.05	1	2	5	0	0	18	0	20	21	1e-06	0.001911	0.03074	0.339157	0	15393	45424	43710	0	0	131159	117415	73725	21000	182	13	-1
brock200_1.clq	200	14834	100	0.05	1	2	5	0	0	18	0	20	21	2e-06	0.002037	0.030854	0.335747	0	15393	45424	43710	0	0	131159	117415	73725	21000	182	13	-1
brock200_1.clq	200	14834	100	0.05	1	2	5	0	0	18	0	20	21	1e-06	0.003142	0.03298	0.337482	0	15393	45424	43710	0	0	131159	117415	73725	21000	182	13	-1
brock200_1.clq	200	14834	100	0.05	1	2	5	0	0	18	0	20	21	2e-06	0.001984	0.030682	0.33493	0	15393	45424	43710	0	0	131159	117415	73725	21000	182	13	-1
brock200_1.clq	200	14834	100	0.05	1	2	5	0	0	18	0	20	21	2e-06	0.001985	0.030538	0.334202	0	15393	45424	43710	0	0	131159	117415	73725	21000	182	13	-1
brock200_1.clq	200	14834	100	0.05	1	2	5	0	0	18	0	20	21	1e-06	0.001919	0.030385	0.334835	0	15393	45424	43710	0	0	131159	117415	73725	21000	182	13	-1
brock200_1.clq	200	14834	100	0.05	1	2	5	0	0	18	0	20	21	1e-06	0.002004	0.030662	0.334759	0	15393	45424	43710	0	0	131159	117415	73725	21000	182	13	-1
brock200_1.clq	200	14834	100	0.05	1	2	5	0	0	18	0	20	21	1e-06	0.001922	0.030487	0.335169	0	15393	45424	43710	0	0	131159	117415	73725	21000	182	13	-1
brock200_1.clq	200	14834	100	0.05	1	2	5	0	0	18	0	20	21	2e-06	0.001947	0.031192	0.341466	0	15393	45424	43710	0	0	131159	117415	73725	21000	182	13	-1
brock200_1.clq	200	14834	100	0.05	1	2	5	0	0	18	0	20	21	1e-06	0.001924	0.03125	0.355938	0	15393	45424	43710	0	0	131159	117415	73725	21000	182	13	-1
brock200_1.clq	200	14834	100	0.05	1	2	5	0	0	18	0	20	21	2e-06	0.001929	0.03035	0.333363	0	15393	45424	43710	0	0	131159	117415	73725	21000	182	13	-1
brock200_1.clq	200	14834	100	0.05	1	2	5	0	0	18	0	20	21	3e-06	0.001935	0.031071	0.33452	0	15393	45424	43710	0	0	131159	117415	73725	21000	182	13	-1
brock200_1.clq	200	14834	100	0.05	1	2	5	0	0	18	0	20	21	2e-06	0.00192	0.030774	0.334805	0	15393	45424	43710	0	0	131159	117415	73725	21000	182	13	-1
brock200_1.clq	200	14834	100	0.05	1	2	5	0	0	18	0	20	21	1e-06	0.001931	0.030643	0.334465	0	15393	45424	43710	0	0	131159	117415	73725	21000	182	13	-1
brock200_1.clq	200	14834	100	0.05	1	2	5	0	0	18	0	20	21	1e-06	0.001925	0.0305	0.335459	0	15393	45424	43710	0	0	131159	117415	73725	21000	182	13	-1
brock200_1.clq	200	14834	100	0.05	1	2	5	0	0	18	0	20	21	3e-06	0.002063	0.031108	0.334671	0	15393	45424	43710	0	0	131159	117415	73725	21000	182	13	-1
brock200_1.clq	200	14834	100	0.05	1	2	5	0	0	18	0	20	21	4e-06	0.003469	0.037396	0.361701	0	15393	45424	43710	0	0	131159	117415	73725	21000	182	13	-1
brock200_1.clq	200	14834	100	0.05	1	2	5	0	0	18	0	20	21	2e-06	0.002006	0.030513	0.334723	0	15393	45424	43710	0	0	131159	117415	73725	21000	182	13	-1
brock200_1.clq	200	14834	100	0.05	1	2	5	0	0	18	0	20	21	1e-06	0.001932	0.030673	0.335612	0	15393	45424	43710	0	0	131159	117415	73725	21000	182	13	-1
brock200_1.clq	200	14834	100	0.05	1	2	5	0	0	18	0	20	21	2e-06	0.00194	0.03048	0.334108	0	15393	45424	43710	0	0	131159	117415	73725	21000	182	13	-1
brock200_1.clq	200	14834	100	0.05	1	2	5	0	0	18	0	20	21	5e-06	0.003792	0.033441	0.338338	0	15393	45424	43710	0	0	131159	117415	73725	21000	182	13	-1
brock200_1.clq	200	14834	100	0.05	1	2	5	0	0	18	0	20	21	1e-06	0.002057	0.030603	0.356638	0	15393	45424	43710	0	0	131159	117415	73725	21000	182	13	-1
brock200_1.clq	200	14834	100	0.05	1	2	5	0	0	18	0	20	21	2e-06	0.002003	0.031028	0.335072	0	15393	45424	43710	0	0	131159	117415	73725	21000	182	13	-1
brock200_1.clq	200	14834	100	0.05	1	2	5	0	0	18	0	20	21	2e-06	0.003234	0.034267	0.338615	0	15393	45424	43710	0	0	131159	117415	73725	21000	182	13	-1
brock200_1.clq	200	14834	100	0.05	1	2	5	0	0	18	0	20	21	1e-06	0.00193	0.030508	0.33411	0	15393	45424	43710	0	0	131159	117415	73725	21000	182	13	-1
brock200_1.clq	200	14834	100	0.05	1	2	5	0	0	18	0	20	21	1e-06	0.001984	0.031038	0.335358	0	15393	45424	43710	0	0	131159	117415	73725	21000	182	13	-1
brock200_1.clq	200	14834	100	0.05	1	2	5	0	0	18	0	20	21	1e-06	0.001913	0.030377	0.334879	0	15393	45424	43710	0	0	131159	117415	73725	21000	182	13	-1
brock200_1.clq	200	14834	100	0.05	1	2	5	0	0	18	0	20	21	1e-06	0.001918	0.031042	0.340138	0	15393	45424	43710	0	0	131159	117415	73725	21000	182	13	-1
brock200_1.clq	200	14834	100	0.05	1	2	5	0	0	18	0	20	21	2e-06	0.001984	0.03135	0.340282	0	15393	45424	43710	0	0	131159	117415	73725	21000	182	13	-1
brock200_1.clq	200	14834	100	0.05	1	2	5	0	0	18	0	20	21	2e-06	0.001958	0.030496	0.333593	0	15393	45424	43710	0	0	131159	117415	73725	21000	182	13	-1
brock200_1.clq	200	14834	100	0.05	1	2	5	0	0	18	0	20	21	3e-06	0.002758	0.033673	0.375488	0	15393	45424	43710	0	0	131159	117415	73725	21000	182	13	-1
brock200_1.clq	200	14834	100	0.05	1	2	5	0	0	18	0	20	21	2e-06	0.001922	0.031042	0.339353	0	15393	45424	43710	0	0	131159	117415	73725	21000	182	13	-1
brock200_1.clq	200	14834	100	0.05	1	2	5	0	0	18	0	20	21	2e-06	0.002016	0.030536	0.334527	0	15393	45424	43710	0	0	131159	117415	73725	21000	182	13	-1
brock200_1.clq	200	14834	100	0.05	1	2	5	0	0	18	0	20	21	1e-06	0.001991	0.031427	0.335294	0	15393	45424	43710	0	0	131159	117415	73725	21000	182	13	-1
brock200_1.clq	200	14834	100	0.05	1	2	5	0	0	18	0	20	21	2e-06	0.002828	0.031904	0.33533	0	15393	45424	43710	0	0	131159	117415	73725	21000	182	13	-1
brock200_1.clq	200	14834	100	0.05	1	2	5	0	0	18	0	20	21	2e-06	0.001984	0.034698	0.346852	0	15393	45424	43710	0	0	131159	117415	73725	21000	182	13	-1
brock200_1.clq	200	14834	100	0.05	1	2	5	0	0	18	0	20	21	2e-06	0.00215	0.03212	0.335997	0	15393	45424	43710	0	0	131159	117415	73725	21000	182	13	-1
brock200_1.clq	200	14834	100	0.05	1	2	5	0	0	18	0	20	21	2e-06	0.002468	0.03463	0.339308	0	15393	45424	43710	0	0	131159	117415	73725	21000	182	13	-1
brock200_1.clq	200	14834	100	0.05	1	2	5	0	0	18	0	20	21	1e-06	0.002085	0.030884	0.339703	0	15393	45424	43710	0	0	131159	117415	73725	21000	182	13	-1
brock200_1.clq	200	14834	100	0.05	1	2	5	0	0	18	0	20	21	2e-06	0.00194	0.030407	0.334925	0	15393	45424	43710	0	0	131159	117415	73725	21000	182	13	-1
brock200_1.clq	200	14834	100	0.05	1	2	5	0	0	18	0	20	21	1e-06	0.002033	0.030704	0.335161	0	15393	45424	43710	0	0	131159	117415	73725	21000	182	13	-1
brock200_1.clq	200	14834	100	0.05	1	2	5	0	0	18	0	20	21	2e-06	0.001965	0.030561	0.334017	0	15393	45424	43710	0	0	131159	117415	73725	21000	182	13	-1
brock200_1.clq	200	14834	100	0.05	1	2	5	0	0	18	0	20	21	3e-06	0.002664	0.033469	0.359574	0	15393	45424	43710	0	0	131159	117415	73725	21000	182	13	-1
brock200_1.clq	200	14834	100	0.05	1	2	5	0	0	18	0	20	21	2e-06	0.002044	0.031257	0.334347	0	15393	45424	43710	0	0	131159	117415	73725	21000	182	13	-1
brock200_1.clq	200	14834	100	0.05	1	2	5	0	0	18	0	20	21	2e-06	0.001946	0.031316	0.334724	0	15393	45424	43710	0	0	131159	117415	73725	21000	182	13	-1
brock200_1.clq	200	14834	100	0.05	1	2	5	0	0	18	0	20	21	1e-06	0.001954	0.030539	0.333784	0	15393	45424	43710	0	0	131159	117415	73725	21000	182	13	-1
brock200_1.clq	200	14834	100	0.05	1	2	5	0	0	18	0	20	21	1e-06	0.001945	0.030501	0.352279	0	15393	45424	43710	0	0	131159	117415	73725	21000	182	13	-1
brock200_1.clq	200	14834	100	0.05	1	2	5	0	0	18	0	20	21	2e-06	0.001978	0.030544	0.335051	0	15393	45424	43710	0	0	131159	117415	73725	21000	182	13	-1
brock200_1.clq	200	14834	100	0.05	1	2	5	0	0	18	0	20	21	2e-06	0.002244	0.030866	0.336539	0	15393	45424	43710	0	0	131159	117415	73725	21000	182	13	-1
brock200_1.clq	200	14834	100	0.05	1	2	5	0	0	18	0	20	21	2e-06	0.003044	0.032747	0.336662	0	15393	45424	43710	0	0	131159	117415	73725	21000	182	13	-1
brock200_1.clq	200	14834	100	0.05	1	2	5	0	0	18	0	20	21	2e-06	0.001957	0.030612	0.334016	0	15393	45424	43710	0	0	131159	117415	73725	21000	182	13	-1
brock200_1.clq	200	14834	100	0.05	1	2	5	0	0	18	0	20	21	2e-06	0.002078	0.030517	0.333708	0	15393	45424	43710	0	0	131159	117415	73725	21000	182	13	-1
brock200_1.clq	200	14834	100	0.05	1	2	5	0	0	18	0	20	21	2e-06	0.001922	0.030343	0.333492	0	15393	45424	43710	0	0	131159	117415	73725	21000	182	13	-1
brock200_1.clq	200	14834	100	0.05	1	2	5	0	0	18	0	20	21	3e-06	0.001956	0.030537	0.33431	0	15393	45424	43710	0	0	131159	117415	73725	21000	182	13	-1
brock200_1.clq	200	14834	100	0.05	1	2	5	0	0	18	0	20	21	1e-06	0.002036	0.03085	0.338777	0	15393	45424	43710	0	0	131159	117415	73725	21000	182	13	-1
brock200_1.clq	200	14834	100	0.05	1	2	5	0	0	18	0	20	21	1e-06	0.00192	0.030667	0.334421	0	15393	45424	43710	0	0	131159	117415	73725	21000	182	13	-1
brock200_1.clq	200	14834	100	0.05	1	2	5	0	0	18	0	20	21	2e-06	0.001947	0.03096	0.340096	0	15393	45424	43710	0	0	131159	117415	73725	21000	182	13	-1
brock200_1.clq	200	14834	100	0.05	1	2	5	0	0	18	0	20	21	1e-06	0.001916	0.030412	0.333818	0	15393	45424	43710	0	0	131159	117415	73725	21000	182	13	-1
brock200_1.clq	200	14834	100	0.05	1	2	5	0	0	18	0	20	21	1e-06	0.001949	0.030538	0.335391	0	15393	45424	43710	0	0	131159	117415	73725	21000	182	13	-1
brock200_1.clq	200	14834	100	0.05	1	2	5	0	0	18	0	20	21	2e-06	0.001996	0.030696	0.335799	0	15393	45424	43710	0	0	131159	117415	73725	21000	182	13	-1
brock200_1.clq	200	14834	100	0.05	1	2	5	0	0	18	0	20	21	2e-06	0.001911	0.033086	0.347472	0	15393	45424	43710	0	0	131159	117415	73725	21000	182	13	-1
brock200_1.clq	200	14834	100	0.05	1	2	5	0	0	18	0	20	21	2e-06	0.002038	0.030542	0.335129	0	15393	45424	43710	0	0	131159	117415	73725	21000	182	13	-1
brock200_1.clq	200	14834	100	0.05	1	2	5	0	0	18	0	20	21	1e-06	0.002053	0.031336	0.335172	0	15393	45424	43710	0	0	131159	117415	73725	21000	182	13	-1
brock200_1.clq	200	14834	100	0.05	1	2	5	0	0	18	0	20	21	3e-06	0.001985	0.031194	0.336054	0	15393	45424	43710	0	0	131159	117415	73725	21000	182	13	-1
brock200_1.clq	200	14834	100	0.05	1	2	5	0	0	18	0	20	21	1e-06	0.001994	0.030761	0.334688	0	15393	45424	43710	0	0	131159	117415	73725	21000	182	13	-1
brock200_1.clq	200	14834	100	0.05	1	2	5	0	0	18	0	20	21	2e-06	0.001975	0.030448	0.334335	0	15393	45424	43710	0	0	131159	117415	73725	21000	182	13	-1
brock200_1.clq	200	14834	100	0.05	1	2	5	0	0	18	0	20	21	4e-06	0.003351	0.035715	0.340321	0	15393	45424	43710	0	0	131159	117415	73725	21000	182	13	-1
brock200_1.clq	200	14834	100	0.05	1	2	5	0	0	18	0	20	21	1e-06	0.001975	0.032015	0.337193	0	15393	45424	43710	0	0	131159	117415	73725	21000	182	13	-1
brock200_1.clq	200	14834	100	0.05	1	2	5	0	0	18	0	20	21	2e-06	0.002059	0.031094	0.357598	0	15393	45424	43710	0	0	131159	117415	73725	21000	182	13	-1
brock200_1.clq	200	14834	100	0.05	1	2	5	0	0	18	0	20	21	1e-06	0.001927	0.030956	0.33595	0	15393	45424	43710	0	0	131159	117415	73725	21000	182	13	-1
brock200_1.clq	200	14834	100	0.05	1	2	5	0	0	18	0	20	21	1e-06	0.001952	0.030786	0.335628	0	15393	45424	43710	0	0	131159	117415	73725	21000	182	13	-1
brock200_1.clq	200	14834	100	0.05	1	2	5	0	0	18	0	20	21	3e-06	0.00193	0.031591	0.344119	0	15393	45424	43710	0	0	131159	117415	73725	21000	182	13	-1
brock200_1.clq	200	14834	100	0.05	1	2	5	0	0	18	0	20	21	1e-06	0.002048	0.030586	0.335486	0	15393	45424	43710	0	0	131159	117415	73725	21000	182	13	-1
brock200_1.clq	200	14834	100	0.05	1	2	5	0	0	18	0	20	21	2e-06	0.002753	0.032373	0.338729	0	15393	45424	43710	0	0	131159	117415	73725	21000	182	13	-1
brock200_1.clq	200	14834	100	0.05	1	2	5	0	0	18	0	20	21	2e-06	0.00263	0.032236	0.337839	0	15393	45424	43710	0	0	131159	117415	73725	21000	182	13	-1
brock200_1.clq	200	14834	100	0.05	1	2	5	0	0	18	0	20	21	2e-06	0.001946	0.030465	0.334715	0	15393	45424	43710	0	0	131159	117415	73725	21000	182	13	-1
brock200_1.clq	200	14834	100	0.05	1	2	5	0	0	18	0	20	21	1e-06	0.00199	0.030613	0.334365	0	15393	45424	43710	0	0	131159	117415	73725	21000	182	13	-1
brock200_1.clq	200	14834	100	0.05	1	2	5	0	0	18	0	20	21	2e-06	0.001949	0.034521	0.340795	0	15393	45424	43710	0	0	131159	117415	73725	21000	182	13	-1
brock200_1.clq	200	14834	100	0.05	1	2	5	0	0	18	0	20	21	2e-06	0.002111	0.031073	0.334661	0	15393	45424	43710	0	0	131159	117415	73725	21000	182	13	-1
brock200_1.clq	200	14834	100	0.05	1	2	5	0	0	18	0	20	21	2e-06	0.001973	0.030463	0.333835	0	15393	45424	43710	0	0	131159	117415	73725	21000	182	13	-1
brock200_1.clq	200	14834	100	0.05	1	2	5	0	0	18	0	20	21	1e-06	0.001921	0.030455	0.335208	0	15393	45424	43710	0	0	131159	117415	73725	21000	182	13	-1
brock200_1.clq	200	14834	100	0.05	1	2	5	0	0	18	0	20	21	1e-06	0.001992	0.031387	0.3434	0	15393	45424	43710	0	0	131159	117415	73725	21000	182	13	-1
brock200_1.clq	200	14834	100	0.05	1	2	5	0	0	18	0	20	21	1e-06	0.001914	0.03442	0.352599	0	15393	45424	43710	0	0	131159	117415	73725	21000	182	13	-1
brock200_1.clq	200	14834	100	0.05	1	2	5	0	0	18	0	20	21	1e-06	0.001984	0.032255	0.360293	0	15393	45424	43710	0	0	131159	117415	73725	21000	182	13	-1
brock200_1.clq	200	14834	100	0.05	1	2	5	0	0	18	0	20	21	2e-06	0.001933	0.031227	0.341063	0	15393	45424	43710	0	0	131159	117415	73725	21000	182	13	-1
brock200_1.clq	200	14834	100	0.05	1	2	5	0	0	18	0	20	21	1e-06	0.001935	0.030737	0.33539	0	15393	45424	43710	0	0	131159	117415	73725	21000	182	13	-1
brock200_1.clq	200	14834	100	0.05	1	2	5	0	0	18	0	20	21	3e-06	0.001987	0.030874	0.337687	0	15393	45424	43710	0	0	131159	117415	73725	21000	182	13	-1
brock200_1.clq	200	14834	100	0.05	1	2	5	0	0	18	0	20	21	2e-06	0.001916	0.03459	0.348956	0	15393	45424	43710	0	0	131159	117415	73725	21000	182	13	-1
brock200_1.clq	200	14834	100	0.05	1	2	5	0	0	18	0	20	21	1e-06	0.001914	0.030445	0.334169	0	15393	45424	43710	0	0	131159	117415	73725	21000	182	13	-1
brock200_1.clq	200	14834	100	0.05	1	2	5	0	0	18	0	20	21	2e-06	0.001917	0.030443	0.334376	0	15393	45424	43710	0	0	131159	117415	73725	21000	182	13	-1
brock200_1.clq	200	14834	100	0.05	1	2	5	0	0	18	0	20	21	2e-06	0.001978	0.031147	0.334289	0	15393	45424	43710	0	0	131159	117415	73725	21000	182	13	-1
brock200_1.clq	200	14834	100	0.05	1	2	5	0	0	18	0	20	21	2e-06	0.001935	0.0306	0.334846	0	15393	45424	43710	0	0	131159	117415	73725	21000	182	13	-1
brock200_1.clq	200	14834	100	0.05	1	2	5	0	0	18	0	20	21	6e-06	0.001991	0.030647	0.334171	0	15393	45424	43710	0	0	131159	117415	73725	21000	182	13	-1
brock200_1.clq	200	14834	100	0.05	1	2	5	0	0	18	0	20	21	2e-06	0.001985	0.030714	0.334893	0	15393	45424	43710	0	0	131159	117415	73725	21000	182	13	-1
brock200_1.clq	200	14834	100	0.05	1	2	5	0	0	18	0	20	21	3e-06	0.003916	0.034181	0.33734	0	15393	45424	43710	0	0	131159	117415	73725	21000	182	13	-1
